# Uniform top-hat spectral response curve for HST grism G141
# Wavelenght range: [1.44, 1.475]

# Wavel    Spectral Response
# microns  electrons / photon
1.430000   0.000000  
1.430118   0.000000  
1.430235   0.000000  
1.430353   0.000000  
1.430471   0.000000  
1.430588   0.000000  
1.430706   0.000000  
1.430824   0.000000  
1.430941   0.000000  
1.431059   0.000000  
1.431176   0.000000  
1.431294   0.000000  
1.431412   0.000000  
1.431529   0.000000  
1.431647   0.000000  
1.431765   0.000000  
1.431882   0.000000  
1.432000   0.000000  
1.432118   0.000000  
1.432235   0.000000  
1.432353   0.000000  
1.432471   0.000000  
1.432588   0.000000  
1.432706   0.000000  
1.432824   0.000000  
1.432941   0.000000  
1.433059   0.000000  
1.433176   0.000000  
1.433294   0.000000  
1.433412   0.000000  
1.433529   0.000000  
1.433647   0.000000  
1.433765   0.000000  
1.433882   0.000000  
1.434000   0.000000  
1.434118   0.000000  
1.434235   0.000000  
1.434353   0.000000  
1.434471   0.000000  
1.434588   0.000000  
1.434706   0.000000  
1.434824   0.000000  
1.434941   0.000000  
1.435059   0.000000  
1.435176   0.000000  
1.435294   0.000000  
1.435412   0.000000  
1.435529   0.000000  
1.435647   0.000000  
1.435765   0.000000  
1.435882   0.000000  
1.436000   0.000000  
1.436118   0.000000  
1.436235   0.000000  
1.436353   0.000000  
1.436471   0.000000  
1.436588   0.000000  
1.436706   0.000000  
1.436824   0.000000  
1.436941   0.000000  
1.437059   0.000000  
1.437176   0.000000  
1.437294   0.000000  
1.437412   0.000000  
1.437529   0.000000  
1.437647   0.000000  
1.437765   0.000000  
1.437882   0.000000  
1.438000   0.000000  
1.438118   0.000000  
1.438235   0.000000  
1.438353   0.000000  
1.438471   0.000000  
1.438588   0.000000  
1.438706   0.000000  
1.438824   0.000000  
1.438941   0.000000  
1.439059   0.000000  
1.439176   0.000000  
1.439294   0.000000  
1.439412   0.000000  
1.439529   0.000000  
1.439647   0.000000  
1.439765   0.000000  
1.439882   0.000000  
1.440000   0.000000  
1.440000   1.000000  
1.440117   1.000000  
1.440234   1.000000  
1.440351   1.000000  
1.440468   1.000000  
1.440585   1.000000  
1.440702   1.000000  
1.440819   1.000000  
1.440936   1.000000  
1.441054   1.000000  
1.441171   1.000000  
1.441288   1.000000  
1.441405   1.000000  
1.441522   1.000000  
1.441639   1.000000  
1.441756   1.000000  
1.441873   1.000000  
1.441990   1.000000  
1.442107   1.000000  
1.442224   1.000000  
1.442341   1.000000  
1.442458   1.000000  
1.442575   1.000000  
1.442692   1.000000  
1.442809   1.000000  
1.442926   1.000000  
1.443043   1.000000  
1.443161   1.000000  
1.443278   1.000000  
1.443395   1.000000  
1.443512   1.000000  
1.443629   1.000000  
1.443746   1.000000  
1.443863   1.000000  
1.443980   1.000000  
1.444097   1.000000  
1.444214   1.000000  
1.444331   1.000000  
1.444448   1.000000  
1.444565   1.000000  
1.444682   1.000000  
1.444799   1.000000  
1.444916   1.000000  
1.445033   1.000000  
1.445151   1.000000  
1.445268   1.000000  
1.445385   1.000000  
1.445502   1.000000  
1.445619   1.000000  
1.445736   1.000000  
1.445853   1.000000  
1.445970   1.000000  
1.446087   1.000000  
1.446204   1.000000  
1.446321   1.000000  
1.446438   1.000000  
1.446555   1.000000  
1.446672   1.000000  
1.446789   1.000000  
1.446906   1.000000  
1.447023   1.000000  
1.447140   1.000000  
1.447258   1.000000  
1.447375   1.000000  
1.447492   1.000000  
1.447609   1.000000  
1.447726   1.000000  
1.447843   1.000000  
1.447960   1.000000  
1.448077   1.000000  
1.448194   1.000000  
1.448311   1.000000  
1.448428   1.000000  
1.448545   1.000000  
1.448662   1.000000  
1.448779   1.000000  
1.448896   1.000000  
1.449013   1.000000  
1.449130   1.000000  
1.449247   1.000000  
1.449365   1.000000  
1.449482   1.000000  
1.449599   1.000000  
1.449716   1.000000  
1.449833   1.000000  
1.449950   1.000000  
1.450067   1.000000  
1.450184   1.000000  
1.450301   1.000000  
1.450418   1.000000  
1.450535   1.000000  
1.450652   1.000000  
1.450769   1.000000  
1.450886   1.000000  
1.451003   1.000000  
1.451120   1.000000  
1.451237   1.000000  
1.451355   1.000000  
1.451472   1.000000  
1.451589   1.000000  
1.451706   1.000000  
1.451823   1.000000  
1.451940   1.000000  
1.452057   1.000000  
1.452174   1.000000  
1.452291   1.000000  
1.452408   1.000000  
1.452525   1.000000  
1.452642   1.000000  
1.452759   1.000000  
1.452876   1.000000  
1.452993   1.000000  
1.453110   1.000000  
1.453227   1.000000  
1.453344   1.000000  
1.453462   1.000000  
1.453579   1.000000  
1.453696   1.000000  
1.453813   1.000000  
1.453930   1.000000  
1.454047   1.000000  
1.454164   1.000000  
1.454281   1.000000  
1.454398   1.000000  
1.454515   1.000000  
1.454632   1.000000  
1.454749   1.000000  
1.454866   1.000000  
1.454983   1.000000  
1.455100   1.000000  
1.455217   1.000000  
1.455334   1.000000  
1.455452   1.000000  
1.455569   1.000000  
1.455686   1.000000  
1.455803   1.000000  
1.455920   1.000000  
1.456037   1.000000  
1.456154   1.000000  
1.456271   1.000000  
1.456388   1.000000  
1.456505   1.000000  
1.456622   1.000000  
1.456739   1.000000  
1.456856   1.000000  
1.456973   1.000000  
1.457090   1.000000  
1.457207   1.000000  
1.457324   1.000000  
1.457441   1.000000  
1.457559   1.000000  
1.457676   1.000000  
1.457793   1.000000  
1.457910   1.000000  
1.458027   1.000000  
1.458144   1.000000  
1.458261   1.000000  
1.458378   1.000000  
1.458495   1.000000  
1.458612   1.000000  
1.458729   1.000000  
1.458846   1.000000  
1.458963   1.000000  
1.459080   1.000000  
1.459197   1.000000  
1.459314   1.000000  
1.459431   1.000000  
1.459548   1.000000  
1.459666   1.000000  
1.459783   1.000000  
1.459900   1.000000  
1.460017   1.000000  
1.460134   1.000000  
1.460251   1.000000  
1.460368   1.000000  
1.460485   1.000000  
1.460602   1.000000  
1.460719   1.000000  
1.460836   1.000000  
1.460953   1.000000  
1.461070   1.000000  
1.461187   1.000000  
1.461304   1.000000  
1.461421   1.000000  
1.461538   1.000000  
1.461656   1.000000  
1.461773   1.000000  
1.461890   1.000000  
1.462007   1.000000  
1.462124   1.000000  
1.462241   1.000000  
1.462358   1.000000  
1.462475   1.000000  
1.462592   1.000000  
1.462709   1.000000  
1.462826   1.000000  
1.462943   1.000000  
1.463060   1.000000  
1.463177   1.000000  
1.463294   1.000000  
1.463411   1.000000  
1.463528   1.000000  
1.463645   1.000000  
1.463763   1.000000  
1.463880   1.000000  
1.463997   1.000000  
1.464114   1.000000  
1.464231   1.000000  
1.464348   1.000000  
1.464465   1.000000  
1.464582   1.000000  
1.464699   1.000000  
1.464816   1.000000  
1.464933   1.000000  
1.465050   1.000000  
1.465167   1.000000  
1.465284   1.000000  
1.465401   1.000000  
1.465518   1.000000  
1.465635   1.000000  
1.465753   1.000000  
1.465870   1.000000  
1.465987   1.000000  
1.466104   1.000000  
1.466221   1.000000  
1.466338   1.000000  
1.466455   1.000000  
1.466572   1.000000  
1.466689   1.000000  
1.466806   1.000000  
1.466923   1.000000  
1.467040   1.000000  
1.467157   1.000000  
1.467274   1.000000  
1.467391   1.000000  
1.467508   1.000000  
1.467625   1.000000  
1.467742   1.000000  
1.467860   1.000000  
1.467977   1.000000  
1.468094   1.000000  
1.468211   1.000000  
1.468328   1.000000  
1.468445   1.000000  
1.468562   1.000000  
1.468679   1.000000  
1.468796   1.000000  
1.468913   1.000000  
1.469030   1.000000  
1.469147   1.000000  
1.469264   1.000000  
1.469381   1.000000  
1.469498   1.000000  
1.469615   1.000000  
1.469732   1.000000  
1.469849   1.000000  
1.469967   1.000000  
1.470084   1.000000  
1.470201   1.000000  
1.470318   1.000000  
1.470435   1.000000  
1.470552   1.000000  
1.470669   1.000000  
1.470786   1.000000  
1.470903   1.000000  
1.471020   1.000000  
1.471137   1.000000  
1.471254   1.000000  
1.471371   1.000000  
1.471488   1.000000  
1.471605   1.000000  
1.471722   1.000000  
1.471839   1.000000  
1.471957   1.000000  
1.472074   1.000000  
1.472191   1.000000  
1.472308   1.000000  
1.472425   1.000000  
1.472542   1.000000  
1.472659   1.000000  
1.472776   1.000000  
1.472893   1.000000  
1.473010   1.000000  
1.473127   1.000000  
1.473244   1.000000  
1.473361   1.000000  
1.473478   1.000000  
1.473595   1.000000  
1.473712   1.000000  
1.473829   1.000000  
1.473946   1.000000  
1.474064   1.000000  
1.474181   1.000000  
1.474298   1.000000  
1.474415   1.000000  
1.474532   1.000000  
1.474649   1.000000  
1.474766   1.000000  
1.474883   1.000000  
1.475000   1.000000  
1.475000   0.000000  
1.475118   0.000000  
1.475235   0.000000  
1.475353   0.000000  
1.475471   0.000000  
1.475588   0.000000  
1.475706   0.000000  
1.475824   0.000000  
1.475941   0.000000  
1.476059   0.000000  
1.476176   0.000000  
1.476294   0.000000  
1.476412   0.000000  
1.476529   0.000000  
1.476647   0.000000  
1.476765   0.000000  
1.476882   0.000000  
1.477000   0.000000  
1.477118   0.000000  
1.477235   0.000000  
1.477353   0.000000  
1.477471   0.000000  
1.477588   0.000000  
1.477706   0.000000  
1.477824   0.000000  
1.477941   0.000000  
1.478059   0.000000  
1.478176   0.000000  
1.478294   0.000000  
1.478412   0.000000  
1.478529   0.000000  
1.478647   0.000000  
1.478765   0.000000  
1.478882   0.000000  
1.479000   0.000000  
1.479118   0.000000  
1.479235   0.000000  
1.479353   0.000000  
1.479471   0.000000  
1.479588   0.000000  
1.479706   0.000000  
1.479824   0.000000  
1.479941   0.000000  
1.480059   0.000000  
1.480176   0.000000  
1.480294   0.000000  
1.480412   0.000000  
1.480529   0.000000  
1.480647   0.000000  
1.480765   0.000000  
1.480882   0.000000  
1.481000   0.000000  
1.481118   0.000000  
1.481235   0.000000  
1.481353   0.000000  
1.481471   0.000000  
1.481588   0.000000  
1.481706   0.000000  
1.481824   0.000000  
1.481941   0.000000  
1.482059   0.000000  
1.482176   0.000000  
1.482294   0.000000  
1.482412   0.000000  
1.482529   0.000000  
1.482647   0.000000  
1.482765   0.000000  
1.482882   0.000000  
1.483000   0.000000  
1.483118   0.000000  
1.483235   0.000000  
1.483353   0.000000  
1.483471   0.000000  
1.483588   0.000000  
1.483706   0.000000  
1.483824   0.000000  
1.483941   0.000000  
1.484059   0.000000  
1.484176   0.000000  
1.484294   0.000000  
1.484412   0.000000  
1.484529   0.000000  
1.484647   0.000000  
1.484765   0.000000  
1.484882   0.000000  
1.485000   0.000000  
