# Uniform top-hat spectral response curve for HST grism G141
# Wavelenght range: [1.615, 1.65]

# Wavel    Spectral Response
# microns  electrons / photon
1.605000   0.000000  
1.605118   0.000000  
1.605235   0.000000  
1.605353   0.000000  
1.605471   0.000000  
1.605588   0.000000  
1.605706   0.000000  
1.605824   0.000000  
1.605941   0.000000  
1.606059   0.000000  
1.606176   0.000000  
1.606294   0.000000  
1.606412   0.000000  
1.606529   0.000000  
1.606647   0.000000  
1.606765   0.000000  
1.606882   0.000000  
1.607000   0.000000  
1.607118   0.000000  
1.607235   0.000000  
1.607353   0.000000  
1.607471   0.000000  
1.607588   0.000000  
1.607706   0.000000  
1.607824   0.000000  
1.607941   0.000000  
1.608059   0.000000  
1.608176   0.000000  
1.608294   0.000000  
1.608412   0.000000  
1.608529   0.000000  
1.608647   0.000000  
1.608765   0.000000  
1.608882   0.000000  
1.609000   0.000000  
1.609118   0.000000  
1.609235   0.000000  
1.609353   0.000000  
1.609471   0.000000  
1.609588   0.000000  
1.609706   0.000000  
1.609824   0.000000  
1.609941   0.000000  
1.610059   0.000000  
1.610176   0.000000  
1.610294   0.000000  
1.610412   0.000000  
1.610529   0.000000  
1.610647   0.000000  
1.610765   0.000000  
1.610882   0.000000  
1.611000   0.000000  
1.611118   0.000000  
1.611235   0.000000  
1.611353   0.000000  
1.611471   0.000000  
1.611588   0.000000  
1.611706   0.000000  
1.611824   0.000000  
1.611941   0.000000  
1.612059   0.000000  
1.612176   0.000000  
1.612294   0.000000  
1.612412   0.000000  
1.612529   0.000000  
1.612647   0.000000  
1.612765   0.000000  
1.612882   0.000000  
1.613000   0.000000  
1.613118   0.000000  
1.613235   0.000000  
1.613353   0.000000  
1.613471   0.000000  
1.613588   0.000000  
1.613706   0.000000  
1.613824   0.000000  
1.613941   0.000000  
1.614059   0.000000  
1.614176   0.000000  
1.614294   0.000000  
1.614412   0.000000  
1.614529   0.000000  
1.614647   0.000000  
1.614765   0.000000  
1.614882   0.000000  
1.615000   0.000000  
1.615000   1.000000  
1.615117   1.000000  
1.615234   1.000000  
1.615351   1.000000  
1.615468   1.000000  
1.615585   1.000000  
1.615702   1.000000  
1.615819   1.000000  
1.615936   1.000000  
1.616054   1.000000  
1.616171   1.000000  
1.616288   1.000000  
1.616405   1.000000  
1.616522   1.000000  
1.616639   1.000000  
1.616756   1.000000  
1.616873   1.000000  
1.616990   1.000000  
1.617107   1.000000  
1.617224   1.000000  
1.617341   1.000000  
1.617458   1.000000  
1.617575   1.000000  
1.617692   1.000000  
1.617809   1.000000  
1.617926   1.000000  
1.618043   1.000000  
1.618161   1.000000  
1.618278   1.000000  
1.618395   1.000000  
1.618512   1.000000  
1.618629   1.000000  
1.618746   1.000000  
1.618863   1.000000  
1.618980   1.000000  
1.619097   1.000000  
1.619214   1.000000  
1.619331   1.000000  
1.619448   1.000000  
1.619565   1.000000  
1.619682   1.000000  
1.619799   1.000000  
1.619916   1.000000  
1.620033   1.000000  
1.620151   1.000000  
1.620268   1.000000  
1.620385   1.000000  
1.620502   1.000000  
1.620619   1.000000  
1.620736   1.000000  
1.620853   1.000000  
1.620970   1.000000  
1.621087   1.000000  
1.621204   1.000000  
1.621321   1.000000  
1.621438   1.000000  
1.621555   1.000000  
1.621672   1.000000  
1.621789   1.000000  
1.621906   1.000000  
1.622023   1.000000  
1.622140   1.000000  
1.622258   1.000000  
1.622375   1.000000  
1.622492   1.000000  
1.622609   1.000000  
1.622726   1.000000  
1.622843   1.000000  
1.622960   1.000000  
1.623077   1.000000  
1.623194   1.000000  
1.623311   1.000000  
1.623428   1.000000  
1.623545   1.000000  
1.623662   1.000000  
1.623779   1.000000  
1.623896   1.000000  
1.624013   1.000000  
1.624130   1.000000  
1.624247   1.000000  
1.624365   1.000000  
1.624482   1.000000  
1.624599   1.000000  
1.624716   1.000000  
1.624833   1.000000  
1.624950   1.000000  
1.625067   1.000000  
1.625184   1.000000  
1.625301   1.000000  
1.625418   1.000000  
1.625535   1.000000  
1.625652   1.000000  
1.625769   1.000000  
1.625886   1.000000  
1.626003   1.000000  
1.626120   1.000000  
1.626237   1.000000  
1.626355   1.000000  
1.626472   1.000000  
1.626589   1.000000  
1.626706   1.000000  
1.626823   1.000000  
1.626940   1.000000  
1.627057   1.000000  
1.627174   1.000000  
1.627291   1.000000  
1.627408   1.000000  
1.627525   1.000000  
1.627642   1.000000  
1.627759   1.000000  
1.627876   1.000000  
1.627993   1.000000  
1.628110   1.000000  
1.628227   1.000000  
1.628344   1.000000  
1.628462   1.000000  
1.628579   1.000000  
1.628696   1.000000  
1.628813   1.000000  
1.628930   1.000000  
1.629047   1.000000  
1.629164   1.000000  
1.629281   1.000000  
1.629398   1.000000  
1.629515   1.000000  
1.629632   1.000000  
1.629749   1.000000  
1.629866   1.000000  
1.629983   1.000000  
1.630100   1.000000  
1.630217   1.000000  
1.630334   1.000000  
1.630452   1.000000  
1.630569   1.000000  
1.630686   1.000000  
1.630803   1.000000  
1.630920   1.000000  
1.631037   1.000000  
1.631154   1.000000  
1.631271   1.000000  
1.631388   1.000000  
1.631505   1.000000  
1.631622   1.000000  
1.631739   1.000000  
1.631856   1.000000  
1.631973   1.000000  
1.632090   1.000000  
1.632207   1.000000  
1.632324   1.000000  
1.632441   1.000000  
1.632559   1.000000  
1.632676   1.000000  
1.632793   1.000000  
1.632910   1.000000  
1.633027   1.000000  
1.633144   1.000000  
1.633261   1.000000  
1.633378   1.000000  
1.633495   1.000000  
1.633612   1.000000  
1.633729   1.000000  
1.633846   1.000000  
1.633963   1.000000  
1.634080   1.000000  
1.634197   1.000000  
1.634314   1.000000  
1.634431   1.000000  
1.634548   1.000000  
1.634666   1.000000  
1.634783   1.000000  
1.634900   1.000000  
1.635017   1.000000  
1.635134   1.000000  
1.635251   1.000000  
1.635368   1.000000  
1.635485   1.000000  
1.635602   1.000000  
1.635719   1.000000  
1.635836   1.000000  
1.635953   1.000000  
1.636070   1.000000  
1.636187   1.000000  
1.636304   1.000000  
1.636421   1.000000  
1.636538   1.000000  
1.636656   1.000000  
1.636773   1.000000  
1.636890   1.000000  
1.637007   1.000000  
1.637124   1.000000  
1.637241   1.000000  
1.637358   1.000000  
1.637475   1.000000  
1.637592   1.000000  
1.637709   1.000000  
1.637826   1.000000  
1.637943   1.000000  
1.638060   1.000000  
1.638177   1.000000  
1.638294   1.000000  
1.638411   1.000000  
1.638528   1.000000  
1.638645   1.000000  
1.638763   1.000000  
1.638880   1.000000  
1.638997   1.000000  
1.639114   1.000000  
1.639231   1.000000  
1.639348   1.000000  
1.639465   1.000000  
1.639582   1.000000  
1.639699   1.000000  
1.639816   1.000000  
1.639933   1.000000  
1.640050   1.000000  
1.640167   1.000000  
1.640284   1.000000  
1.640401   1.000000  
1.640518   1.000000  
1.640635   1.000000  
1.640753   1.000000  
1.640870   1.000000  
1.640987   1.000000  
1.641104   1.000000  
1.641221   1.000000  
1.641338   1.000000  
1.641455   1.000000  
1.641572   1.000000  
1.641689   1.000000  
1.641806   1.000000  
1.641923   1.000000  
1.642040   1.000000  
1.642157   1.000000  
1.642274   1.000000  
1.642391   1.000000  
1.642508   1.000000  
1.642625   1.000000  
1.642742   1.000000  
1.642860   1.000000  
1.642977   1.000000  
1.643094   1.000000  
1.643211   1.000000  
1.643328   1.000000  
1.643445   1.000000  
1.643562   1.000000  
1.643679   1.000000  
1.643796   1.000000  
1.643913   1.000000  
1.644030   1.000000  
1.644147   1.000000  
1.644264   1.000000  
1.644381   1.000000  
1.644498   1.000000  
1.644615   1.000000  
1.644732   1.000000  
1.644849   1.000000  
1.644967   1.000000  
1.645084   1.000000  
1.645201   1.000000  
1.645318   1.000000  
1.645435   1.000000  
1.645552   1.000000  
1.645669   1.000000  
1.645786   1.000000  
1.645903   1.000000  
1.646020   1.000000  
1.646137   1.000000  
1.646254   1.000000  
1.646371   1.000000  
1.646488   1.000000  
1.646605   1.000000  
1.646722   1.000000  
1.646839   1.000000  
1.646957   1.000000  
1.647074   1.000000  
1.647191   1.000000  
1.647308   1.000000  
1.647425   1.000000  
1.647542   1.000000  
1.647659   1.000000  
1.647776   1.000000  
1.647893   1.000000  
1.648010   1.000000  
1.648127   1.000000  
1.648244   1.000000  
1.648361   1.000000  
1.648478   1.000000  
1.648595   1.000000  
1.648712   1.000000  
1.648829   1.000000  
1.648946   1.000000  
1.649064   1.000000  
1.649181   1.000000  
1.649298   1.000000  
1.649415   1.000000  
1.649532   1.000000  
1.649649   1.000000  
1.649766   1.000000  
1.649883   1.000000  
1.650000   1.000000  
1.650000   0.000000  
1.650118   0.000000  
1.650235   0.000000  
1.650353   0.000000  
1.650471   0.000000  
1.650588   0.000000  
1.650706   0.000000  
1.650824   0.000000  
1.650941   0.000000  
1.651059   0.000000  
1.651176   0.000000  
1.651294   0.000000  
1.651412   0.000000  
1.651529   0.000000  
1.651647   0.000000  
1.651765   0.000000  
1.651882   0.000000  
1.652000   0.000000  
1.652118   0.000000  
1.652235   0.000000  
1.652353   0.000000  
1.652471   0.000000  
1.652588   0.000000  
1.652706   0.000000  
1.652824   0.000000  
1.652941   0.000000  
1.653059   0.000000  
1.653176   0.000000  
1.653294   0.000000  
1.653412   0.000000  
1.653529   0.000000  
1.653647   0.000000  
1.653765   0.000000  
1.653882   0.000000  
1.654000   0.000000  
1.654118   0.000000  
1.654235   0.000000  
1.654353   0.000000  
1.654471   0.000000  
1.654588   0.000000  
1.654706   0.000000  
1.654824   0.000000  
1.654941   0.000000  
1.655059   0.000000  
1.655176   0.000000  
1.655294   0.000000  
1.655412   0.000000  
1.655529   0.000000  
1.655647   0.000000  
1.655765   0.000000  
1.655882   0.000000  
1.656000   0.000000  
1.656118   0.000000  
1.656235   0.000000  
1.656353   0.000000  
1.656471   0.000000  
1.656588   0.000000  
1.656706   0.000000  
1.656824   0.000000  
1.656941   0.000000  
1.657059   0.000000  
1.657176   0.000000  
1.657294   0.000000  
1.657412   0.000000  
1.657529   0.000000  
1.657647   0.000000  
1.657765   0.000000  
1.657882   0.000000  
1.658000   0.000000  
1.658118   0.000000  
1.658235   0.000000  
1.658353   0.000000  
1.658471   0.000000  
1.658588   0.000000  
1.658706   0.000000  
1.658824   0.000000  
1.658941   0.000000  
1.659059   0.000000  
1.659176   0.000000  
1.659294   0.000000  
1.659412   0.000000  
1.659529   0.000000  
1.659647   0.000000  
1.659765   0.000000  
1.659882   0.000000  
1.660000   0.000000  
