# MPG 2.2m/GROND
# GROND iBand 
# Wavel [µm]  Transm [%]
0.620000      0.000000000 
0.621000      0.000000000 
0.622000      0.000000000 
0.623000      0.000000000 
0.624000      0.000000000 
0.625000      0.000000000 
0.626000      0.000000000 
0.627000      0.000000000 
0.628000      0.000000000 
0.629000      0.000000000 
0.630000      0.000000000 
0.631000      0.000000000 
0.632000      0.000000000 
0.633000      0.000000000 
0.634000      0.000000000 
0.635000      0.000000000 
0.636000      0.000000000 
0.637000      0.000000000 
0.638000      0.000000000 
0.639000      0.000000000 
0.640000      0.000000000 
0.641000      0.000000000 
0.642000      0.000000000 
0.643000      0.000000000 
0.644000      0.000000000 
0.645000      0.000000000 
0.646000      0.000000000 
0.647000      0.000000000 
0.648000      0.000000000 
0.649000      0.000000000 
0.650000      0.000000000 
0.651000      0.000000000 
0.652000      0.000000000 
0.653000      0.000000000 
0.654000      0.000000000 
0.655000      0.000000000 
0.656000      0.000000000 
0.657000      0.000000000 
0.658000      0.000000000 
0.659000      0.000000000 
0.660000      0.000000000 
0.661000      0.000000000 
0.662000      0.000000000 
0.663000      0.000000000 
0.664000      0.000000000 
0.665000      0.000000000 
0.666000      0.000000000 
0.667000      0.000000000 
0.668000      0.000000000 
0.669000      0.000000000 
0.670000      0.000000000 
0.671000      0.000000000 
0.672000      0.000000000 
0.673000      0.000000000 
0.674000      0.000000000 
0.675000      0.000000000 
0.676000      0.000000000 
0.677000      0.000000000 
0.678000      0.000000000 
0.679000      0.000000000 
0.680000      0.000000000 
0.681000      0.000000000 
0.682000      0.000000000 
0.683000      0.000000000 
0.684000      0.000000000 
0.685000      0.000010000 
0.686000      0.000010000 
0.687000      0.000010000 
0.688000      0.000020000 
0.689000      0.000030000 
0.690000      0.000050000 
0.691000      0.000080000 
0.692000      0.000120000 
0.693000      0.000190000 
0.694000      0.000310000 
0.695000      0.000490000 
0.696000      0.000780000 
0.697000      0.001250000 
0.698000      0.001970000 
0.699000      0.003050000 
0.700000      0.004650000 
0.701000      0.006950000 
0.702000      0.010170000 
0.703000      0.014570000 
0.704000      0.020440000 
0.705000      0.028130000 
0.706000      0.038010000 
0.707000      0.050550000 
0.708000      0.066250000 
0.709000      0.085730000 
0.710000      0.109910000 
0.711000      0.139600000 
0.712000      0.175260000 
0.713000      0.216930000 
0.714000      0.264830000 
0.715000      0.317240000 
0.716000      0.371720000 
0.717000      0.426120000 
0.718000      0.477210000 
0.719000      0.522790000 
0.720000      0.561110000 
0.721000      0.592800000 
0.722000      0.617780000 
0.723000      0.636240000 
0.724000      0.649300000 
0.725000      0.657440000 
0.726000      0.664430000 
0.727000      0.669980000 
0.728000      0.672860000 
0.729000      0.674880000 
0.730000      0.676500000 
0.731000      0.678930000 
0.732000      0.680410000 
0.733000      0.682130000 
0.734000      0.683440000 
0.735000      0.684290000 
0.736000      0.685880000 
0.737000      0.686740000 
0.738000      0.687350000 
0.739000      0.686720000 
0.740000      0.686860000 
0.741000      0.686840000 
0.742000      0.685600000 
0.743000      0.684700000 
0.744000      0.683210000 
0.745000      0.682110000 
0.746000      0.680210000 
0.747000      0.677240000 
0.748000      0.675000000 
0.749000      0.671920000 
0.750000      0.669990000 
0.751000      0.667880000 
0.752000      0.666090000 
0.753000      0.664760000 
0.754000      0.662480000 
0.755000      0.661060000 
0.756000      0.659490000 
0.757000      0.659160000 
0.758000      0.657610000 
0.759000      0.658020000 
0.760000      0.658430000 
0.761000      0.657260000 
0.762000      0.656620000 
0.763000      0.656240000 
0.764000      0.657400000 
0.765000      0.657950000 
0.766000      0.657130000 
0.767000      0.657320000 
0.768000      0.656830000 
0.769000      0.657050000 
0.770000      0.655770000 
0.771000      0.656050000 
0.772000      0.655650000 
0.773000      0.653730000 
0.774000      0.653210000 
0.775000      0.650500000 
0.776000      0.648360000 
0.777000      0.645090000 
0.778000      0.642040000 
0.779000      0.639390000 
0.780000      0.635890000 
0.781000      0.632750000 
0.782000      0.628200000 
0.783000      0.624910000 
0.784000      0.621340000 
0.785000      0.617190000 
0.786000      0.614190000 
0.787000      0.610040000 
0.788000      0.606370000 
0.789000      0.602350000 
0.790000      0.599840000 
0.791000      0.596810000 
0.792000      0.592650000 
0.793000      0.589240000 
0.794000      0.584740000 
0.795000      0.580340000 
0.796000      0.575370000 
0.797000      0.570420000 
0.798000      0.565150000 
0.799000      0.558890000 
0.800000      0.552150000 
0.801000      0.543440000 
0.802000      0.534950000 
0.803000      0.526980000 
0.804000      0.517180000 
0.805000      0.507080000 
0.806000      0.495850000 
0.807000      0.485320000 
0.808000      0.473200000 
0.809000      0.460480000 
0.810000      0.447170000 
0.811000      0.432000000 
0.812000      0.416500000 
0.813000      0.399140000 
0.814000      0.380810000 
0.815000      0.359380000 
0.816000      0.335540000 
0.817000      0.308630000 
0.818000      0.278510000 
0.819000      0.246260000 
0.820000      0.211870000 
0.821000      0.177740000 
0.822000      0.144590000 
0.823000      0.114470000 
0.824000      0.088450000 
0.825000      0.066670000 
0.826000      0.049220000 
0.827000      0.035810000 
0.828000      0.025770000 
0.829000      0.018300000 
0.830000      0.012980000 
0.831000      0.009180000 
0.832000      0.006480000 
0.833000      0.004590000 
0.834000      0.003290000 
0.835000      0.002380000 
0.836000      0.001700000 
0.837000      0.001220000 
0.838000      0.000900000 
0.839000      0.000690000 
0.840000      0.000530000 
0.841000      0.000420000 
0.842000      0.000340000 
0.843000      0.000280000 
0.844000      0.000220000 
0.845000      0.000190000 
0.846000      0.000150000 
0.847000      0.000130000 
0.848000      0.000110000 
0.849000      0.000100000 
0.850000      0.000090000 
0.851000      0.000080000 
0.852000      0.000070000 
0.853000      0.000060000 
0.854000      0.000050000 
0.855000      0.000040000 
0.856000      0.000040000 
0.857000      0.000030000 
0.858000      0.000020000 
0.859000      0.000020000 
0.860000      0.000020000 
0.861000      0.000020000 
0.862000      0.000010000 
0.863000      0.000010000 
0.864000      0.000010000 
0.865000      0.000010000 
0.866000      0.000010000 
0.867000      0.000010000 
0.868000      0.000010000 
0.869000      0.000000000 
0.870000      0.000000000 
0.871000      0.000000000 
0.872000      0.000000000 
0.873000      0.000000000 
0.874000      0.000000000 
0.875000      0.000000000 
0.876000      0.000000000 
0.877000      0.000000000 
0.878000      0.000000000 
0.879000      0.000000000 
0.880000      0.000000000 
0.881000      0.000000000 
0.882000      0.000000000 
0.883000      0.000000000 
0.884000      0.000000000 
0.885000      0.000000000 
0.886000      0.000000000 
0.887000      0.000000000 
0.888000      0.000000000 
0.889000      0.000000000 
0.890000      0.000000000 
0.891000      0.000000000 
0.892000      0.000000000 
0.893000      0.000000000 
0.894000      0.000000000 
0.895000      0.000000000 
0.896000      0.000000000 
0.897000      0.000000000 
0.898000      0.000000000 
0.899000      0.000000000 
0.900000      0.000000000 
0.901000      0.000000000 
0.902000      0.000000000 
0.903000      0.000000000 
0.904000      0.000000000 
0.905000      0.000000000 
0.906000      0.000000000 
0.907000      0.000000000 
0.908000      0.000000000 
0.909000      0.000000000 
0.910000      0.000000000 
0.911000      0.000000000 
0.912000      0.000000000 
0.913000      0.000000000 
0.914000      0.000000000 
0.915000      0.000000000 
0.916000      0.000000000 
0.917000      0.000000000 
0.918000      0.000000000 
0.919000      0.000000000 
0.920000      0.000000000 
0.921000      0.000000000 
0.922000      0.000000000 
0.923000      0.000000000 
0.924000      0.000000000 
0.925000      0.000000000 
0.926000      0.000000000 
0.927000      0.000000000 
0.928000      0.000000000 
0.929000      0.000000000 
0.930000      0.000000000 
0.931000      0.000000000 
0.932000      0.000000000 
0.933000      0.000000000 
0.934000      0.000000000 
0.935000      0.000000000 
0.936000      0.000000000 
0.937000      0.000000000 
0.938000      0.000000000 
0.939000      0.000000000 
0.940000      0.000000000 
0.941000      0.000000000 
0.942000      0.000000000 
0.943000      0.000000000 
0.944000      0.000000000 
0.945000      0.000000000 
0.946000      0.000000000 
0.947000      0.000000000 
0.948000      0.000000000 
0.949000      0.000000000 
0.950000      0.000000000 
0.951000      0.000000000 
0.952000      0.000000000 
0.953000      0.000000000 
0.954000      0.000000000 
0.955000      0.000000000 
0.956000      0.000000000 
0.957000      0.000000000 
0.958000      0.000000000 
0.959000      0.000000000 
0.960000      0.000000000 
0.961000      0.000000000 
0.962000      0.000000000 
0.963000      0.000000000 
0.964000      0.000000000 
0.965000      0.000000000 
0.966000      0.000000000 
0.967000      0.000000000 
0.968000      0.000000000 
0.969000      0.000000000 
0.970000      0.000000000 
0.971000      0.000000000 
0.972000      0.000000000 
0.973000      0.000000000 
0.974000      0.000000000 
0.975000      0.000000000 
0.976000      0.000000000 
0.977000      0.000000000 
0.978000      0.000000000 
0.979000      0.000000000 
0.980000      0.000000000 
0.981000      0.000000000 
0.982000      0.000000000 
0.983000      0.000000000 
0.984000      0.000000000 
0.985000      0.000000000 
0.986000      0.000000000 
0.987000      0.000000000 
0.988000      0.000000000 
0.989000      0.000000000 
0.990000      0.000000000 
0.991000      0.000000000 
0.992000      0.000000000 
0.993000      0.000000000 
0.994000      0.000000000 
0.995000      0.000000000 
0.996000      0.000000000 
0.997000      0.000000000 
0.998000      0.000000000 
0.999000      0.000000000 
1.000000      0.000000000 
1.001000      0.000000000 
1.002000      0.000000000 
1.003000      0.000000000 
1.004000      0.000000000 
1.005000      0.000000000 
1.006000      0.000000000 
1.007000      0.000000000 
1.008000      0.000000000 
1.009000      0.000000000 
1.010000      0.000000000 
1.011000      0.000000000 
1.012000      0.000000000 
1.013000      0.000000000 
1.014000      0.000000000 
1.015000      0.000000000 
1.016000      0.000000000 
1.017000      0.000000000 
1.018000      0.000000000 
1.019000      0.000000000 
1.020000      0.000000000 
1.021000      0.000000000 
1.022000      0.000000000 
1.023000      0.000000000 
1.024000      0.000000000 
1.025000      0.000000000 
1.026000      0.000000000 
1.027000      0.000000000 
1.028000      0.000000000 
1.029000      0.000000000 
1.030000      0.000000000 
1.031000      0.000000000 
1.032000      0.000000000 
1.033000      0.000000000 
1.034000      0.000000000 
1.035000      0.000000000 
1.036000      0.000000000 
1.037000      0.000000000 
1.038000      0.000000000 
1.039000      0.000000000 
1.040000      0.000000000 
1.041000      0.000000000 
1.042000      0.000000000 
1.043000      0.000000000 
1.044000      0.000000000 
1.045000      0.000000000 
1.046000      0.000000000 
1.047000      0.000000000 
1.048000      0.000000000 
1.049000      0.000000000 
1.050000      0.000000000 
1.051000      0.000000000 
1.052000      0.000000000 
1.053000      0.000000000 
1.054000      0.000000000 
1.055000      0.000000000 
1.056000      0.000000000 
1.057000      0.000000000 
1.058000      0.000000000 
1.059000      0.000000000 
1.060000      0.000000000 
1.061000      0.000000000 
1.062000      0.000000000 
1.063000      0.000000000 
1.064000      0.000000000 
1.065000      0.000000000 
1.066000      0.000000000 
1.067000      0.000000000 
1.068000      0.000000000 
1.069000      0.000000000 
1.070000      0.000000000 
1.071000      0.000000000 
1.072000      0.000000000 
1.073000      0.000000000 
1.074000      0.000000000 
1.075000      0.000000000 
1.076000      0.000000000 
1.077000      0.000000000 
1.078000      0.000000000 
1.079000      0.000000000 
1.080000      0.000000000 
1.081000      0.000000000 
1.082000      0.000000000 
1.083000      0.000000000 
1.084000      0.000000000 
1.085000      0.000000000 
1.086000      0.000000000 
1.087000      0.000000000 
1.088000      0.000000000 
1.089000      0.000000000 
1.090000      0.000000000 
1.091000      0.000000000 
1.092000      0.000000000 
1.093000      0.000000000 
1.094000      0.000000000 
1.095000      0.000000000 
1.096000      0.000000000 
1.097000      0.000000000 
1.098000      0.000000000 
1.099000      0.000000000 
1.100000      0.000000000 
1.101000      0.000000000 
1.102000      0.000000000 
1.103000      0.000000000 
1.104000      0.000000000 
1.105000      0.000000000 
1.106000      0.000000000 
1.107000      0.000000000 
1.108000      0.000000000 
1.109000      0.000000000 
1.110000      0.000000000 
1.111000      0.000000000 
1.112000      0.000000000 
1.113000      0.000000000 
1.114000      0.000000000 
1.115000      0.000000000 
1.116000      0.000000000 
1.117000      0.000000000 
1.118000      0.000000000 
1.119000      0.000000000 
1.120000      0.000000000 
1.121000      0.000000000 
1.122000      0.000000000 
1.123000      0.000000000 
1.124000      0.000000000 
1.125000      0.000000000 
1.126000      0.000000000 
1.127000      0.000000000 
1.128000      0.000000000 
1.129000      0.000000000 
1.130000      0.000000000 
1.131000      0.000000000 
1.132000      0.000000000 
1.133000      0.000000000 
1.134000      0.000000000 
1.135000      0.000000000 
1.136000      0.000000000 
1.137000      0.000000000 
1.138000      0.000000000 
1.139000      0.000000000 
1.140000      0.000000000 
1.141000      0.000000000 
1.142000      0.000000000 
1.143000      0.000000000 
1.144000      0.000000000 
1.145000      0.000000000 
1.146000      0.000000000 
1.147000      0.000000000 
1.148000      0.000000000 
1.149000      0.000000000 
1.150000      0.000000000 
1.151000      0.000000000 
1.152000      0.000000000 
1.153000      0.000000000 
1.154000      0.000000000 
1.155000      0.000000000 
1.156000      0.000000000 
1.157000      0.000000000 
1.158000      0.000000000 
1.159000      0.000000000 
1.160000      0.000000000 
1.161000      0.000000000 
1.162000      0.000000000 
1.163000      0.000000000 
1.164000      0.000000000 
1.165000      0.000000000 
1.166000      0.000000000 
1.167000      0.000000000 
1.168000      0.000000000 
1.169000      0.000000000 
1.170000      0.000000000 
1.171000      0.000000000 
1.172000      0.000000000 
1.173000      0.000000000 
1.174000      0.000000000 
1.175000      0.000000000 
1.176000      0.000000000 
1.177000      0.000000000 
1.178000      0.000000000 
1.179000      0.000000000 
1.180000      0.000000000 
1.181000      0.000000000 
1.182000      0.000000000 
1.183000      0.000000000 
1.184000      0.000000000 
1.185000      0.000000000 
1.186000      0.000000000 
1.187000      0.000000000 
1.188000      0.000000000 
1.189000      0.000000000 
1.190000      0.000000000 
1.191000      0.000000000 
1.192000      0.000000000 
1.193000      0.000000000 
1.194000      0.000000000 
1.195000      0.000000000 
1.196000      0.000000000 
1.197000      0.000000000 
1.198000      0.000000000 
1.199000      0.000000000 
1.200000      0.000000000 
1.201000      0.000000000 
1.202000      0.000000000 
1.203000      0.000000000 
1.204000      0.000000000 
1.205000      0.000000000 
1.206000      0.000000000 
1.207000      0.000000000 
1.208000      0.000000000 
1.209000      0.000000000 
1.210000      0.000000000 
1.211000      0.000000000 
1.212000      0.000000000 
1.213000      0.000000000 
1.214000      0.000000000 
1.215000      0.000000000 
1.216000      0.000000000 
1.217000      0.000000000 
1.218000      0.000000000 
1.219000      0.000000000 
1.220000      0.000000000 
1.221000      0.000000000 
1.222000      0.000000000 
1.223000      0.000000000 
1.224000      0.000000000 
1.225000      0.000000000 
1.226000      0.000000000 
1.227000      0.000000000 
1.228000      0.000000000 
1.229000      0.000000000 
1.230000      0.000000000 
1.231000      0.000000000 
1.232000      0.000000000 
1.233000      0.000000000 
1.234000      0.000000000 
1.235000      0.000000000 
1.236000      0.000000000 
1.237000      0.000000000 
1.238000      0.000000000 
1.239000      0.000000000 
1.240000      0.000000000 
1.241000      0.000000000 
1.242000      0.000000000 
1.243000      0.000000000 
1.244000      0.000000000 
1.245000      0.000000000 
1.246000      0.000000000 
1.247000      0.000000000 
1.248000      0.000000000 
1.249000      0.000000000 
1.250000      0.000000000 
1.251000      0.000000000 
1.252000      0.000000000 
1.253000      0.000000000 
1.254000      0.000000000 
1.255000      0.000000000 
1.256000      0.000000000 
1.257000      0.000000000 
1.258000      0.000000000 
1.259000      0.000000000 
1.260000      0.000000000 
1.261000      0.000000000 
1.262000      0.000000000 
1.263000      0.000000000 
1.264000      0.000000000 
1.265000      0.000000000 
1.266000      0.000000000 
1.267000      0.000000000 
1.268000      0.000000000 
1.269000      0.000000000 
1.270000      0.000000000 
1.271000      0.000000000 
1.272000      0.000000000 
1.273000      0.000000000 
1.274000      0.000000000 
1.275000      0.000000000 
1.276000      0.000000000 
1.277000      0.000000000 
1.278000      0.000000000 
1.279000      0.000000000 
1.280000      0.000000000 
1.281000      0.000000000 
1.282000      0.000000000 
1.283000      0.000000000 
1.284000      0.000000000 
1.285000      0.000000000 
1.286000      0.000000000 
1.287000      0.000000000 
1.288000      0.000000000 
1.289000      0.000000000 
1.290000      0.000000000 
1.291000      0.000000000 
1.292000      0.000000000 
1.293000      0.000000000 
1.294000      0.000000000 
1.295000      0.000000000 
1.296000      0.000000000 
1.297000      0.000000000 
1.298000      0.000000000 
1.299000      0.000000000 
1.300000      0.000000000 
1.301000      0.000000000 
1.302000      0.000000000 
1.303000      0.000000000 
1.304000      0.000000000 
1.305000      0.000000000 
1.306000      0.000000000 
1.307000      0.000000000 
1.308000      0.000000000 
1.309000      0.000000000 
1.310000      0.000000000 
1.311000      0.000000000 
1.312000      0.000000000 
1.313000      0.000000000 
1.314000      0.000000000 
1.315000      0.000000000 
1.316000      0.000000000 
1.317000      0.000000000 
1.318000      0.000000000 
1.319000      0.000000000 
1.320000      0.000000000 
1.321000      0.000000000 
1.322000      0.000000000 
1.323000      0.000000000 
1.324000      0.000000000 
1.325000      0.000000000 
1.326000      0.000000000 
1.327000      0.000000000 
1.328000      0.000000000 
1.329000      0.000000000 
1.330000      0.000000000 
1.331000      0.000000000 
1.332000      0.000000000 
1.333000      0.000000000 
1.334000      0.000000000 
1.335000      0.000000000 
1.336000      0.000000000 
1.337000      0.000000000 
1.338000      0.000000000 
1.339000      0.000000000 
1.340000      0.000000000 
1.341000      0.000000000 
1.342000      0.000000000 
1.343000      0.000000000 
1.344000      0.000000000 
1.345000      0.000000000 
1.346000      0.000000000 
1.347000      0.000000000 
1.348000      0.000000000 
1.349000      0.000000000 
1.350000      0.000000000 
1.351000      0.000000000 
1.352000      0.000000000 
1.353000      0.000000000 
1.354000      0.000000000 
1.355000      0.000000000 
1.356000      0.000000000 
1.357000      0.000000000 
1.358000      0.000000000 
1.359000      0.000000000 
1.360000      0.000000000 
1.361000      0.000000000 
1.362000      0.000000000 
1.363000      0.000000000 
1.364000      0.000000000 
1.365000      0.000000000 
1.366000      0.000000000 
1.367000      0.000000000 
1.368000      0.000000000 
1.369000      0.000000000 
1.370000      0.000000000 
1.371000      0.000000000 
1.372000      0.000000000 
1.373000      0.000000000 
1.374000      0.000000000 
1.375000      0.000000000 
1.376000      0.000000000 
1.377000      0.000000000 
1.378000      0.000000000 
1.379000      0.000000000 
1.380000      0.000000000 
1.381000      0.000000000 
1.382000      0.000000000 
1.383000      0.000000000 
1.384000      0.000000000 
1.385000      0.000000000 
1.386000      0.000000000 
1.387000      0.000000000 
1.388000      0.000000000 
1.389000      0.000000000 
1.390000      0.000000000 
1.391000      0.000000000 
1.392000      0.000000000 
1.393000      0.000000000 
1.394000      0.000000000 
1.395000      0.000000000 
1.396000      0.000000000 
1.397000      0.000000000 
1.398000      0.000000000 
1.399000      0.000000000 
1.400000      0.000000000 
1.401000      0.000000000 
1.402000      0.000000000 
1.403000      0.000000000 
1.404000      0.000000000 
1.405000      0.000000000 
1.406000      0.000000000 
1.407000      0.000000000 
1.408000      0.000000000 
1.409000      0.000000000 
1.410000      0.000000000 
1.411000      0.000000000 
1.412000      0.000000000 
1.413000      0.000000000 
1.414000      0.000000000 
1.415000      0.000000000 
1.416000      0.000000000 
1.417000      0.000000000 
1.418000      0.000000000 
1.419000      0.000000000 
1.420000      0.000000000 
1.421000      0.000000000 
1.422000      0.000000000 
1.423000      0.000000000 
1.424000      0.000000000 
1.425000      0.000000000 
1.426000      0.000000000 
1.427000      0.000000000 
1.428000      0.000000000 
1.429000      0.000000000 
1.430000      0.000000000 
1.431000      0.000000000 
1.432000      0.000000000 
1.433000      0.000000000 
1.434000      0.000000000 
1.435000      0.000000000 
1.436000      0.000000000 
1.437000      0.000000000 
1.438000      0.000000000 
1.439000      0.000000000 
1.440000      0.000000000 
1.441000      0.000000000 
1.442000      0.000000000 
1.443000      0.000000000 
1.444000      0.000000000 
1.445000      0.000000000 
1.446000      0.000000000 
1.447000      0.000000000 
1.448000      0.000000000 
1.449000      0.000000000 
1.450000      0.000000000 
1.451000      0.000000000 
1.452000      0.000000000 
1.453000      0.000000000 
1.454000      0.000000000 
1.455000      0.000000000 
1.456000      0.000000000 
1.457000      0.000000000 
1.458000      0.000000000 
1.459000      0.000000000 
1.460000      0.000000000 
1.461000      0.000000000 
1.462000      0.000000000 
1.463000      0.000000000 
1.464000      0.000000000 
1.465000      0.000000000 
1.466000      0.000000000 
1.467000      0.000000000 
1.468000      0.000000000 
1.469000      0.000000000 
1.470000      0.000000000 
1.471000      0.000000000 
1.472000      0.000000000 
1.473000      0.000000000 
1.474000      0.000000000 
1.475000      0.000000000 
1.476000      0.000000000 
1.477000      0.000000000 
1.478000      0.000000000 
1.479000      0.000000000 
1.480000      0.000000000 
1.481000      0.000000000 
1.482000      0.000000000 
1.483000      0.000000000 
1.484000      0.000000000 
1.485000      0.000000000 
1.486000      0.000000000 
1.487000      0.000000000 
1.488000      0.000000000 
1.489000      0.000000000 
1.490000      0.000000000 
1.491000      0.000000000 
1.492000      0.000000000 
1.493000      0.000000000 
1.494000      0.000000000 
1.495000      0.000000000 
1.496000      0.000000000 
1.497000      0.000000000 
1.498000      0.000000000 
1.499000      0.000000000 
1.500000      0.000000000 
1.501000      0.000000000 
1.502000      0.000000000 
1.503000      0.000000000 
1.504000      0.000000000 
1.505000      0.000000000 
1.506000      0.000000000 
1.507000      0.000000000 
1.508000      0.000000000 
1.509000      0.000000000 
1.510000      0.000000000 
1.511000      0.000000000 
1.512000      0.000000000 
1.513000      0.000000000 
1.514000      0.000000000 
1.515000      0.000000000 
1.516000      0.000000000 
1.517000      0.000000000 
1.518000      0.000000000 
1.519000      0.000000000 
1.520000      0.000000000 
1.521000      0.000000000 
1.522000      0.000000000 
1.523000      0.000000000 
1.524000      0.000000000 
1.525000      0.000000000 
1.526000      0.000000000 
1.527000      0.000000000 
1.528000      0.000000000 
1.529000      0.000000000 
1.530000      0.000000000 
1.531000      0.000000000 
1.532000      0.000000000 
1.533000      0.000000000 
1.534000      0.000000000 
1.535000      0.000000000 
1.536000      0.000000000 
1.537000      0.000000000 
1.538000      0.000000000 
1.539000      0.000000000 
1.540000      0.000000000 
1.541000      0.000000000 
1.542000      0.000000000 
1.543000      0.000000000 
1.544000      0.000000000 
1.545000      0.000000000 
1.546000      0.000000000 
1.547000      0.000000000 
1.548000      0.000000000 
1.549000      0.000000000 
1.550000      0.000000000 
1.551000      0.000000000 
1.552000      0.000000000 
1.553000      0.000000000 
1.554000      0.000000000 
1.555000      0.000000000 
1.556000      0.000000000 
1.557000      0.000000000 
1.558000      0.000000000 
1.559000      0.000000000 
1.560000      0.000000000 
1.561000      0.000000000 
1.562000      0.000000000 
1.563000      0.000000000 
1.564000      0.000000000 
1.565000      0.000000000 
1.566000      0.000000000 
1.567000      0.000000000 
1.568000      0.000000000 
1.569000      0.000000000 
1.570000      0.000000000 
1.571000      0.000000000 
1.572000      0.000000000 
1.573000      0.000000000 
1.574000      0.000000000 
1.575000      0.000000000 
1.576000      0.000000000 
1.577000      0.000000000 
1.578000      0.000000000 
1.579000      0.000000000 
1.580000      0.000000000 
1.581000      0.000000000 
1.582000      0.000000000 
1.583000      0.000000000 
1.584000      0.000000000 
1.585000      0.000000000 
1.586000      0.000000000 
1.587000      0.000000000 
1.588000      0.000000000 
1.589000      0.000000000 
1.590000      0.000000000 
1.591000      0.000000000 
1.592000      0.000000000 
1.593000      0.000000000 
1.594000      0.000000000 
1.595000      0.000000000 
1.596000      0.000000000 
1.597000      0.000000000 
1.598000      0.000000000 
1.599000      0.000000000 
1.600000      0.000000000 
1.601000      0.000000000 
1.602000      0.000000000 
1.603000      0.000000000 
1.604000      0.000000000 
1.605000      0.000000000 
1.606000      0.000000000 
1.607000      0.000000000 
1.608000      0.000000000 
1.609000      0.000000000 
1.610000      0.000000000 
1.611000      0.000000000 
1.612000      0.000000000 
1.613000      0.000000000 
1.614000      0.000000000 
1.615000      0.000000000 
1.616000      0.000000000 
1.617000      0.000000000 
1.618000      0.000000000 
1.619000      0.000000000 
1.620000      0.000000000 
1.621000      0.000000000 
1.622000      0.000000000 
1.623000      0.000000000 
1.624000      0.000000000 
1.625000      0.000000000 
1.626000      0.000000000 
1.627000      0.000000000 
1.628000      0.000000000 
1.629000      0.000000000 
1.630000      0.000000000 
1.631000      0.000000000 
1.632000      0.000000000 
1.633000      0.000000000 
1.634000      0.000000000 
1.635000      0.000000000 
1.636000      0.000000000 
1.637000      0.000000000 
1.638000      0.000000000 
1.639000      0.000000000 
1.640000      0.000000000 
1.641000      0.000000000 
1.642000      0.000000000 
1.643000      0.000000000 
1.644000      0.000000000 
1.645000      0.000000000 
1.646000      0.000000000 
1.647000      0.000000000 
1.648000      0.000000000 
1.649000      0.000000000 
1.650000      0.000000000 
1.651000      0.000000000 
1.652000      0.000000000 
1.653000      0.000000000 
1.654000      0.000000000 
1.655000      0.000000000 
1.656000      0.000000000 
1.657000      0.000000000 
1.658000      0.000000000 
1.659000      0.000000000 
1.660000      0.000000000 
1.661000      0.000000000 
1.662000      0.000000000 
1.663000      0.000000000 
1.664000      0.000000000 
1.665000      0.000000000 
1.666000      0.000000000 
1.667000      0.000000000 
1.668000      0.000000000 
1.669000      0.000000000 
1.670000      0.000000000 
1.671000      0.000000000 
1.672000      0.000000000 
1.673000      0.000000000 
1.674000      0.000000000 
1.675000      0.000000000 
1.676000      0.000000000 
1.677000      0.000000000 
1.678000      0.000000000 
1.679000      0.000000000 
1.680000      0.000000000 
1.681000      0.000000000 
1.682000      0.000000000 
1.683000      0.000000000 
1.684000      0.000000000 
1.685000      0.000000000 
1.686000      0.000000000 
1.687000      0.000000000 
1.688000      0.000000000 
1.689000      0.000000000 
1.690000      0.000000000 
1.691000      0.000000000 
1.692000      0.000000000 
1.693000      0.000000000 
1.694000      0.000000000 
1.695000      0.000000000 
1.696000      0.000000000 
1.697000      0.000000000 
1.698000      0.000000000 
1.699000      0.000000000 
1.700000      0.000000000 
1.701000      0.000000000 
1.702000      0.000000000 
1.703000      0.000000000 
1.704000      0.000000000 
1.705000      0.000000000 
1.706000      0.000000000 
1.707000      0.000000000 
1.708000      0.000000000 
1.709000      0.000000000 
1.710000      0.000000000 
1.711000      0.000000000 
1.712000      0.000000000 
1.713000      0.000000000 
1.714000      0.000000000 
1.715000      0.000000000 
1.716000      0.000000000 
1.717000      0.000000000 
1.718000      0.000000000 
1.719000      0.000000000 
1.720000      0.000000000 
1.721000      0.000000000 
1.722000      0.000000000 
1.723000      0.000000000 
1.724000      0.000000000 
1.725000      0.000000000 
1.726000      0.000000000 
1.727000      0.000000000 
1.728000      0.000000000 
1.729000      0.000000000 
1.730000      0.000000000 
1.731000      0.000000000 
1.732000      0.000000000 
1.733000      0.000000000 
1.734000      0.000000000 
1.735000      0.000000000 
1.736000      0.000000000 
1.737000      0.000000000 
1.738000      0.000000000 
1.739000      0.000000000 
1.740000      0.000000000 
1.741000      0.000000000 
1.742000      0.000000000 
1.743000      0.000000000 
1.744000      0.000000000 
1.745000      0.000000000 
1.746000      0.000000000 
1.747000      0.000000000 
1.748000      0.000000000 
1.749000      0.000000000 
1.750000      0.000000000 
1.751000      0.000000000 
1.752000      0.000000000 
1.753000      0.000000000 
1.754000      0.000000000 
1.755000      0.000000000 
1.756000      0.000000000 
1.757000      0.000000000 
1.758000      0.000000000 
1.759000      0.000000000 
1.760000      0.000000000 
1.761000      0.000000000 
1.762000      0.000000000 
1.763000      0.000000000 
1.764000      0.000000000 
1.765000      0.000000000 
1.766000      0.000000000 
1.767000      0.000000000 
1.768000      0.000000000 
1.769000      0.000000000 
1.770000      0.000000000 
1.771000      0.000000000 
1.772000      0.000000000 
1.773000      0.000000000 
1.774000      0.000000000 
1.775000      0.000000000 
1.776000      0.000000000 
1.777000      0.000000000 
1.778000      0.000000000 
1.779000      0.000000000 
1.780000      0.000000000 
1.781000      0.000000000 
1.782000      0.000000000 
1.783000      0.000000000 
1.784000      0.000000000 
1.785000      0.000000000 
1.786000      0.000000000 
1.787000      0.000000000 
1.788000      0.000000000 
1.789000      0.000000000 
1.790000      0.000000000 
1.791000      0.000000000 
1.792000      0.000000000 
1.793000      0.000000000 
1.794000      0.000000000 
1.795000      0.000000000 
1.796000      0.000000000 
1.797000      0.000000000 
1.798000      0.000000000 
1.799000      0.000000000 
1.800000      0.000000000 
1.801000      0.000000000 
1.802000      0.000000000 
1.803000      0.000000000 
1.804000      0.000000000 
1.805000      0.000000000 
1.806000      0.000000000 
1.807000      0.000000000 
1.808000      0.000000000 
1.809000      0.000000000 
1.810000      0.000000000 
1.811000      0.000000000 
1.812000      0.000000000 
1.813000      0.000000000 
1.814000      0.000000000 
1.815000      0.000000000 
1.816000      0.000000000 
1.817000      0.000000000 
1.818000      0.000000000 
1.819000      0.000000000 
1.820000      0.000000000 
1.821000      0.000000000 
1.822000      0.000000000 
1.823000      0.000000000 
1.824000      0.000000000 
1.825000      0.000000000 
1.826000      0.000000000 
1.827000      0.000000000 
1.828000      0.000000000 
1.829000      0.000000000 
1.830000      0.000000000 
1.831000      0.000000000 
1.832000      0.000000000 
1.833000      0.000000000 
1.834000      0.000000000 
1.835000      0.000000000 
1.836000      0.000000000 
1.837000      0.000000000 
1.838000      0.000000000 
1.839000      0.000000000 
1.840000      0.000000000 
1.841000      0.000000000 
1.842000      0.000000000 
1.843000      0.000000000 
1.844000      0.000000000 
1.845000      0.000000000 
1.846000      0.000000000 
1.847000      0.000000000 
1.848000      0.000000000 
1.849000      0.000000000 
1.850000      0.000000000 
1.851000      0.000000000 
1.852000      0.000000000 
1.853000      0.000000000 
1.854000      0.000000000 
1.855000      0.000000000 
1.856000      0.000000000 
1.857000      0.000000000 
1.858000      0.000000000 
1.859000      0.000000000 
1.860000      0.000000000 
1.861000      0.000000000 
1.862000      0.000000000 
1.863000      0.000000000 
1.864000      0.000000000 
1.865000      0.000000000 
1.866000      0.000000000 
1.867000      0.000000000 
1.868000      0.000000000 
1.869000      0.000000000 
1.870000      0.000000000 
1.871000      0.000000000 
1.872000      0.000000000 
1.873000      0.000000000 
1.874000      0.000000000 
1.875000      0.000000000 
1.876000      0.000000000 
1.877000      0.000000000 
1.878000      0.000000000 
1.879000      0.000000000 
1.880000      0.000000000 
1.881000      0.000000000 
1.882000      0.000000000 
1.883000      0.000000000 
1.884000      0.000000000 
1.885000      0.000000000 
1.886000      0.000000000 
1.887000      0.000000000 
1.888000      0.000000000 
1.889000      0.000000000 
1.890000      0.000000000 
1.891000      0.000000000 
1.892000      0.000000000 
1.893000      0.000000000 
1.894000      0.000000000 
1.895000      0.000000000 
1.896000      0.000000000 
1.897000      0.000000000 
1.898000      0.000000000 
1.899000      0.000000000 
1.900000      0.000000000 
1.901000      0.000000000 
1.902000      0.000000000 
1.903000      0.000000000 
1.904000      0.000000000 
1.905000      0.000000000 
1.906000      0.000000000 
1.907000      0.000000000 
1.908000      0.000000000 
1.909000      0.000000000 
1.910000      0.000000000 
1.911000      0.000000000 
1.912000      0.000000000 
1.913000      0.000000000 
1.914000      0.000000000 
1.915000      0.000000000 
1.916000      0.000000000 
1.917000      0.000000000 
1.918000      0.000000000 
1.919000      0.000000000 
1.920000      0.000000000 
1.921000      0.000000000 
1.922000      0.000000000 
1.923000      0.000000000 
1.924000      0.000000000 
1.925000      0.000000000 
1.926000      0.000000000 
1.927000      0.000000000 
1.928000      0.000000000 
1.929000      0.000000000 
1.930000      0.000000000 
1.931000      0.000000000 
1.932000      0.000000000 
1.933000      0.000000000 
1.934000      0.000000000 
1.935000      0.000000000 
1.936000      0.000000000 
1.937000      0.000000000 
1.938000      0.000000000 
1.939000      0.000000000 
1.940000      0.000000000 
1.941000      0.000000000 
1.942000      0.000000000 
1.943000      0.000000000 
1.944000      0.000000000 
1.945000      0.000000000 
1.946000      0.000000000 
1.947000      0.000000000 
1.948000      0.000000000 
1.949000      0.000000000 
1.950000      0.000000000 
1.951000      0.000000000 
1.952000      0.000000000 
1.953000      0.000000000 
1.954000      0.000000000 
1.955000      0.000000000 
1.956000      0.000000000 
1.957000      0.000000000 
1.958000      0.000000000 
1.959000      0.000000000 
1.960000      0.000000000 
1.961000      0.000000000 
1.962000      0.000000000 
1.963000      0.000000000 
1.964000      0.000000000 
1.965000      0.000000000 
1.966000      0.000000000 
1.967000      0.000000000 
1.968000      0.000000000 
1.969000      0.000000000 
1.970000      0.000000000 
1.971000      0.000000000 
1.972000      0.000000000 
1.973000      0.000000000 
1.974000      0.000000000 
1.975000      0.000000000 
1.976000      0.000000000 
1.977000      0.000000000 
1.978000      0.000000000 
1.979000      0.000000000 
1.980000      0.000000000 
1.981000      0.000000000 
1.982000      0.000000000 
1.983000      0.000000000 
1.984000      0.000000000 
1.985000      0.000000000 
1.986000      0.000000000 
1.987000      0.000000000 
1.988000      0.000000000 
1.989000      0.000000000 
1.990000      0.000000000 
1.991000      0.000000000 
1.992000      0.000000000 
1.993000      0.000000000 
1.994000      0.000000000 
1.995000      0.000000000 
1.996000      0.000000000 
1.997000      0.000000000 
1.998000      0.000000000 
1.999000      0.000000000 
2.000000      0.000000000 
2.001000      0.000000000 
2.002000      0.000000000 
2.003000      0.000000000 
2.004000      0.000000000 
2.005000      0.000000000 
2.006000      0.000000000 
2.007000      0.000000000 
2.008000      0.000000000 
2.009000      0.000000000 
2.010000      0.000000000 
2.011000      0.000000000 
2.012000      0.000000000 
2.013000      0.000000000 
2.014000      0.000000000 
2.015000      0.000000000 
2.016000      0.000000000 
2.017000      0.000000000 
2.018000      0.000000000 
2.019000      0.000000000 
2.020000      0.000000000 
2.021000      0.000000000 
2.022000      0.000000000 
2.023000      0.000000000 
2.024000      0.000000000 
2.025000      0.000000000 
2.026000      0.000000000 
2.027000      0.000000000 
2.028000      0.000000000 
2.029000      0.000000000 
2.030000      0.000000000 
2.031000      0.000000000 
2.032000      0.000000000 
2.033000      0.000000000 
2.034000      0.000000000 
2.035000      0.000000000 
2.036000      0.000000000 
2.037000      0.000000000 
2.038000      0.000000000 
2.039000      0.000000000 
2.040000      0.000000000 
2.041000      0.000000000 
2.042000      0.000000000 
2.043000      0.000000000 
2.044000      0.000000000 
2.045000      0.000000000 
2.046000      0.000000000 
2.047000      0.000000000 
2.048000      0.000000000 
2.049000      0.000000000 
2.050000      0.000000000 
2.051000      0.000000000 
2.052000      0.000000000 
2.053000      0.000000000 
2.054000      0.000000000 
2.055000      0.000000000 
2.056000      0.000000000 
2.057000      0.000000000 
2.058000      0.000000000 
2.059000      0.000000000 
2.060000      0.000000000 
2.061000      0.000000000 
2.062000      0.000000000 
2.063000      0.000000000 
2.064000      0.000000000 
2.065000      0.000000000 
2.066000      0.000000000 
2.067000      0.000000000 
2.068000      0.000000000 
2.069000      0.000000000 
2.070000      0.000000000 
2.071000      0.000000000 
2.072000      0.000000000 
2.073000      0.000000000 
2.074000      0.000000000 
2.075000      0.000000000 
2.076000      0.000000000 
2.077000      0.000000000 
2.078000      0.000000000 
2.079000      0.000000000 
2.080000      0.000000000 
2.081000      0.000000000 
2.082000      0.000000000 
2.083000      0.000000000 
2.084000      0.000000000 
2.085000      0.000000000 
2.086000      0.000000000 
2.087000      0.000000000 
2.088000      0.000000000 
2.089000      0.000000000 
2.090000      0.000000000 
2.091000      0.000000000 
2.092000      0.000000000 
2.093000      0.000000000 
2.094000      0.000000000 
2.095000      0.000000000 
2.096000      0.000000000 
2.097000      0.000000000 
2.098000      0.000000000 
2.099000      0.000000000 
2.100000      0.000000000 
2.101000      0.000000000 
2.102000      0.000000000 
2.103000      0.000000000 
2.104000      0.000000000 
2.105000      0.000000000 
2.106000      0.000000000 
2.107000      0.000000000 
2.108000      0.000000000 
2.109000      0.000000000 
2.110000      0.000000000 
2.111000      0.000000000 
2.112000      0.000000000 
2.113000      0.000000000 
2.114000      0.000000000 
2.115000      0.000000000 
2.116000      0.000000000 
2.117000      0.000000000 
2.118000      0.000000000 
2.119000      0.000000000 
2.120000      0.000000000 
2.121000      0.000000000 
2.122000      0.000000000 
2.123000      0.000000000 
2.124000      0.000000000 
2.125000      0.000000000 
2.126000      0.000000000 
2.127000      0.000000000 
2.128000      0.000000000 
2.129000      0.000000000 
2.130000      0.000000000 
2.131000      0.000000000 
2.132000      0.000000000 
2.133000      0.000000000 
2.134000      0.000000000 
2.135000      0.000000000 
2.136000      0.000000000 
2.137000      0.000000000 
2.138000      0.000000000 
2.139000      0.000000000 
2.140000      0.000000000 
2.141000      0.000000000 
2.142000      0.000000000 
2.143000      0.000000000 
2.144000      0.000000000 
2.145000      0.000000000 
2.146000      0.000000000 
2.147000      0.000000000 
2.148000      0.000000000 
2.149000      0.000000000 
2.150000      0.000000000 
2.151000      0.000000000 
2.152000      0.000000000 
2.153000      0.000000000 
2.154000      0.000000000 
2.155000      0.000000000 
2.156000      0.000000000 
2.157000      0.000000000 
2.158000      0.000000000 
2.159000      0.000000000 
2.160000      0.000000000 
2.161000      0.000000000 
2.162000      0.000000000 
2.163000      0.000000000 
2.164000      0.000000000 
2.165000      0.000000000 
2.166000      0.000000000 
2.167000      0.000000000 
2.168000      0.000000000 
2.169000      0.000000000 
2.170000      0.000000000 
2.171000      0.000000000 
2.172000      0.000000000 
2.173000      0.000000000 
2.174000      0.000000000 
2.175000      0.000000000 
2.176000      0.000000000 
2.177000      0.000000000 
2.178000      0.000000000 
2.179000      0.000000000 
2.180000      0.000000000 
2.181000      0.000000000 
2.182000      0.000000000 
2.183000      0.000000000 
2.184000      0.000000000 
2.185000      0.000000000 
2.186000      0.000000000 
2.187000      0.000000000 
2.188000      0.000000000 
2.189000      0.000000000 
2.190000      0.000000000 
2.191000      0.000000000 
2.192000      0.000000000 
2.193000      0.000000000 
2.194000      0.000000000 
2.195000      0.000000000 
2.196000      0.000000000 
2.197000      0.000000000 
2.198000      0.000000000 
2.199000      0.000000000 
2.200000      0.000000000 
2.201000      0.000000000 
2.202000      0.000000000 
2.203000      0.000000000 
2.204000      0.000000000 
2.205000      0.000000000 
2.206000      0.000000000 
2.207000      0.000000000 
2.208000      0.000000000 
2.209000      0.000000000 
2.210000      0.000000000 
2.211000      0.000000000 
2.212000      0.000000000 
2.213000      0.000000000 
2.214000      0.000000000 
2.215000      0.000000000 
2.216000      0.000000000 
2.217000      0.000000000 
2.218000      0.000000000 
2.219000      0.000000000 
2.220000      0.000000000 
2.221000      0.000000000 
2.222000      0.000000000 
2.223000      0.000000000 
2.224000      0.000000000 
2.225000      0.000000000 
2.226000      0.000000000 
2.227000      0.000000000 
2.228000      0.000000000 
2.229000      0.000000000 
2.230000      0.000000000 
2.231000      0.000000000 
2.232000      0.000000000 
2.233000      0.000000000 
2.234000      0.000000000 
2.235000      0.000000000 
2.236000      0.000000000 
2.237000      0.000000000 
2.238000      0.000000000 
2.239000      0.000000000 
2.240000      0.000000000 
2.241000      0.000000000 
2.242000      0.000000000 
2.243000      0.000000000 
2.244000      0.000000000 
2.245000      0.000000000 
2.246000      0.000000000 
2.247000      0.000000000 
2.248000      0.000000000 
2.249000      0.000000000 
2.250000      0.000000000 
2.251000      0.000000000 
2.252000      0.000000000 
2.253000      0.000000000 
2.254000      0.000000000 
2.255000      0.000000000 
2.256000      0.000000000 
2.257000      0.000000000 
2.258000      0.000000000 
2.259000      0.000000000 
2.260000      0.000000000 
2.261000      0.000000000 
2.262000      0.000000000 
2.263000      0.000000000 
2.264000      0.000000000 
2.265000      0.000000000 
2.266000      0.000000000 
2.267000      0.000000000 
2.268000      0.000000000 
2.269000      0.000000000 
2.270000      0.000000000 
2.271000      0.000000000 
2.272000      0.000000000 
2.273000      0.000000000 
2.274000      0.000000000 
2.275000      0.000000000 
2.276000      0.000000000 
2.277000      0.000000000 
2.278000      0.000000000 
2.279000      0.000000000 
2.280000      0.000000000 
2.281000      0.000000000 
2.282000      0.000000000 
2.283000      0.000000000 
2.284000      0.000000000 
2.285000      0.000000000 
2.286000      0.000000000 
2.287000      0.000000000 
2.288000      0.000000000 
2.289000      0.000000000 
2.290000      0.000000000 
2.291000      0.000000000 
2.292000      0.000000000 
2.293000      0.000000000 
2.294000      0.000000000 
2.295000      0.000000000 
2.296000      0.000000000 
2.297000      0.000000000 
2.298000      0.000000000 
2.299000      0.000000000 
2.300000      0.000000000 
2.301000      0.000000000 
2.302000      0.000000000 
2.303000      0.000000000 
2.304000      0.000000000 
2.305000      0.000000000 
2.306000      0.000000000 
2.307000      0.000000000 
2.308000      0.000000000 
2.309000      0.000000000 
2.310000      0.000000000 
2.311000      0.000000000 
2.312000      0.000000000 
2.313000      0.000000000 
2.314000      0.000000000 
2.315000      0.000000000 
2.316000      0.000000000 
2.317000      0.000000000 
2.318000      0.000000000 
2.319000      0.000000000 
2.320000      0.000000000 
2.321000      0.000000000 
2.322000      0.000000000 
2.323000      0.000000000 
2.324000      0.000000000 
2.325000      0.000000000 
2.326000      0.000000000 
2.327000      0.000000000 
2.328000      0.000000000 
2.329000      0.000000000 
2.330000      0.000000000 
2.331000      0.000000000 
2.332000      0.000000000 
2.333000      0.000000000 
2.334000      0.000000000 
2.335000      0.000000000 
2.336000      0.000000000 
2.337000      0.000000000 
2.338000      0.000000000 
2.339000      0.000000000 
2.340000      0.000000000 
2.341000      0.000000000 
2.342000      0.000000000 
2.343000      0.000000000 
2.344000      0.000000000 
2.345000      0.000000000 
2.346000      0.000000000 
2.347000      0.000000000 
2.348000      0.000000000 
2.349000      0.000000000 
2.350000      0.000000000 
2.351000      0.000000000 
2.352000      0.000000000 
2.353000      0.000000000 
2.354000      0.000000000 
2.355000      0.000000000 
2.356000      0.000000000 
2.357000      0.000000000 
2.358000      0.000000000 
2.359000      0.000000000 
2.360000      0.000000000 
2.361000      0.000000000 
2.362000      0.000000000 
2.363000      0.000000000 
2.364000      0.000000000 
2.365000      0.000000000 
2.366000      0.000000000 
2.367000      0.000000000 
2.368000      0.000000000 
2.369000      0.000000000 
2.370000      0.000000000 
2.371000      0.000000000 
2.372000      0.000000000 
2.373000      0.000000000 
2.374000      0.000000000 
2.375000      0.000000000 
2.376000      0.000000000 
2.377000      0.000000000 
2.378000      0.000000000 
2.379000      0.000000000 
2.380000      0.000000000 
2.381000      0.000000000 
2.382000      0.000000000 
2.383000      0.000000000 
2.384000      0.000000000 
2.385000      0.000000000 
2.386000      0.000000000 
2.387000      0.000000000 
2.388000      0.000000000 
2.389000      0.000000000 
2.390000      0.000000000 
2.391000      0.000000000 
2.392000      0.000000000 
2.393000      0.000000000 
2.394000      0.000000000 
2.395000      0.000000000 
2.396000      0.000000000 
2.397000      0.000000000 
2.398000      0.000000000 
2.399000      0.000000000 
2.400000      0.000000000 
2.401000      0.000000000 
2.402000      0.000000000 
2.403000      0.000000000 
2.404000      0.000000000 
2.405000      0.000000000 
2.406000      0.000000000 
2.407000      0.000000000 
2.408000      0.000000000 
2.409000      0.000000000 
2.410000      0.000000000 
2.411000      0.000000000 
2.412000      0.000000000 
2.413000      0.000000000 
2.414000      0.000000000 
2.415000      0.000000000 
2.416000      0.000000000 
2.417000      0.000000000 
2.418000      0.000000000 
2.419000      0.000000000 
2.420000      0.000000000 
2.421000      0.000000000 
2.422000      0.000000000 
2.423000      0.000000000 
2.424000      0.000000000 
2.425000      0.000000000 
2.426000      0.000000000 
2.427000      0.000000000 
2.428000      0.000000000 
2.429000      0.000000000 
2.430000      0.000000000 
2.431000      0.000000000 
2.432000      0.000000000 
2.433000      0.000000000 
2.434000      0.000000000 
2.435000      0.000000000 
2.436000      0.000000000 
2.437000      0.000000000 
2.438000      0.000000000 
2.439000      0.000000000 
2.440000      0.000000000 
2.441000      0.000000000 
2.442000      0.000000000 
2.443000      0.000000000 
2.444000      0.000000000 
2.445000      0.000000000 
2.446000      0.000000000 
2.447000      0.000000000 
2.448000      0.000000000 
2.449000      0.000000000 
2.450000      0.000000000 
2.451000      0.000000000 
2.452000      0.000000000 
2.453000      0.000000000 
2.454000      0.000000000 
2.455000      0.000000000 
2.456000      0.000000000 
2.457000      0.000000000 
2.458000      0.000000000 
2.459000      0.000000000 
2.460000      0.000000000 
2.461000      0.000000000 
2.462000      0.000000000 
2.463000      0.000000000 
2.464000      0.000000000 
2.465000      0.000000000 
2.466000      0.000000000 
2.467000      0.000000000 
2.468000      0.000000000 
2.469000      0.000000000 
2.470000      0.000000000 
2.471000      0.000000000 
2.472000      0.000000000 
2.473000      0.000000000 
2.474000      0.000000000 
2.475000      0.000000000 
2.476000      0.000000000 
2.477000      0.000000000 
2.478000      0.000000000 
2.479000      0.000000000 
2.480000      0.000000000 
2.481000      0.000000000 
2.482000      0.000000000 
2.483000      0.000000000 
2.484000      0.000000000 
2.485000      0.000000000 
2.486000      0.000000000 
2.487000      0.000000000 
2.488000      0.000000000 
2.489000      0.000000000 
2.490000      0.000000000 
2.491000      0.000000000 
2.492000      0.000000000 
2.493000      0.000000000 
2.494000      0.000000000 
2.495000      0.000000000 
2.496000      0.000000000 
2.497000      0.000000000 
2.498000      0.000000000 
2.499000      0.000000000 
2.500000      0.000000000 
