# NB2090 filter curve @ T=90K 
# NB2090
# Wavel [µm]  Transm [%]
2.053820     -0.000128710 
2.054019      0.000235774 
2.054219     -0.000057095 
2.054418      0.001038542 
2.054618      0.000670234 
2.054817      0.002045630 
2.055016      0.000669881 
2.055216      0.000307370 
2.055415      0.000595989 
2.055615     -0.000346857 
2.055814      0.000817788 
2.056013      0.000672381 
2.056213      0.000308888 
2.056412      0.000162543 
2.056612      0.000598754 
2.056811      0.000599685 
2.057010     -0.000056410 
2.057210      0.000160468 
2.057409      0.000448829 
2.057609      0.000954815 
2.057808     -0.000346393 
2.058007      0.001038685 
2.058207      0.000236054 
2.058406      0.000602245 
2.058606      0.000748072 
2.058805      0.000308072 
2.059004      0.000528721 
2.059204      0.000662062 
2.059403      0.000883551 
2.059603      0.000305803 
2.059802      0.000303429 
2.060001     -0.000417884 
2.060201      0.000307612 
2.060400      0.000089501 
2.060600      0.000162032 
2.060799      0.000382987 
2.060998      0.000378871 
2.061198      0.000600328 
2.061397      0.000303107 
2.061597      0.000733642 
2.061796      0.001535465 
2.061995      0.000233612 
2.062195     -0.000127903 
2.062394      0.001401248 
2.062594      0.000162349 
2.062793     -0.000202358 
2.062992      0.000821656 
2.063192      0.000964933 
2.063391      0.000667081 
2.063591      0.000810007 
2.063790      0.000232670 
2.063989      0.000740828 
2.064189     -0.000343099 
2.064388      0.001530050 
2.064588      0.001107816 
2.064787      0.000596416 
2.064986      0.001692536 
2.065186      0.000237887 
2.065385      0.000737459 
2.065585      0.000808971 
2.065784      0.000233691 
2.065983      0.001261238 
2.066183      0.000874867 
2.066382      0.000590593 
2.066582      0.000306165 
2.066781      0.000384716 
2.066980      0.000663624 
2.067180      0.000234397 
2.067379      0.001477859 
2.067579      0.001114744 
2.067778      0.000666121 
2.067977      0.002820551 
2.068177      0.000378668 
2.068376      0.001037773 
2.068576      0.001244166 
2.068775      0.001165816 
2.068974      0.000965805 
2.069174      0.001332749 
2.069373      0.000746552 
2.069573      0.001603957 
2.069772      0.001332779 
2.069971      0.000525661 
2.070171      0.000664498 
2.070370      0.001958096 
2.070570      0.002127209 
2.070769      0.001941782 
2.070968      0.002282033 
2.071168      0.001555593 
2.071367      0.002031627 
2.071567      0.001902678 
2.071766      0.001334510 
2.071965      0.002210493 
2.072165      0.001459960 
2.072364      0.002832982 
2.072564      0.002709702 
2.072763      0.003388014 
2.072962      0.002124674 
2.073162      0.003207576 
2.073361      0.002833418 
2.073561      0.003554149 
2.073760      0.003314186 
2.073959      0.004127176 
2.074159      0.004563017 
2.074358      0.003378824 
2.074558      0.004360263 
2.074757      0.003935072 
2.074956      0.004349670 
2.075156      0.005513062 
2.075355      0.005672406 
2.075555      0.005748482 
2.075754      0.006575568 
2.075953      0.006876740 
2.076153      0.006636937 
2.076352      0.007134267 
2.076552      0.007283060 
2.076751      0.008684425 
2.076950      0.008994894 
2.077150      0.010033460 
2.077349      0.011329874 
2.077549      0.011106025 
2.077748      0.012794873 
2.077947      0.012716852 
2.078147      0.012468787 
2.078346      0.015465961 
2.078546      0.015033187 
2.078745      0.016596751 
2.078944      0.018590178 
2.079144      0.020154295 
2.079343      0.021197505 
2.079543      0.023855648 
2.079742      0.025140252 
2.079941      0.027532275 
2.080141      0.029903409 
2.080340      0.032148969 
2.080540      0.035566337 
2.080739      0.039049554 
2.080938      0.041241212 
2.081138      0.047194452 
2.081337      0.050078812 
2.081537      0.055267577 
2.081736      0.060365410 
2.081935      0.065748796 
2.082135      0.072837458 
2.082334      0.077966385 
2.082534      0.085385818 
2.082733      0.093703012 
2.082932      0.103662329 
2.083132      0.112070160 
2.083331      0.123271503 
2.083531      0.133094969 
2.083730      0.147123423 
2.083929      0.158713369 
2.084129      0.173494797 
2.084328      0.187749634 
2.084528      0.204380493 
2.084727      0.222154808 
2.084926      0.240001163 
2.085126      0.260730362 
2.085325      0.280495872 
2.085525      0.304577026 
2.085724      0.326127014 
2.085923      0.351630211 
2.086123      0.376876564 
2.086322      0.402974739 
2.086522      0.428164253 
2.086721      0.456737137 
2.086920      0.482662277 
2.087120      0.512158813 
2.087319      0.537948799 
2.087519      0.564932060 
2.087718      0.591996384 
2.087917      0.618274040 
2.088117      0.641164322 
2.088316      0.666060181 
2.088516      0.685523834 
2.088715      0.703177185 
2.088914      0.720861206 
2.089114      0.733388138 
2.089313      0.748937225 
2.089513      0.758248291 
2.089712      0.768345108 
2.089911      0.775605469 
2.090111      0.782742691 
2.090310      0.787450333 
2.090510      0.792872467 
2.090709      0.793048019 
2.090908      0.796267471 
2.091108      0.798522568 
2.091307      0.796116562 
2.091507      0.799987183 
2.091706      0.800115890 
2.091905      0.799250870 
2.092105      0.801478424 
2.092304      0.801263657 
2.092504      0.800052185 
2.092703      0.802535095 
2.092902      0.801908188 
2.093102      0.801517487 
2.093301      0.801277847 
2.093501      0.799603500 
2.093700      0.801093292 
2.093899      0.801223907 
2.094099      0.800231171 
2.094298      0.800995789 
2.094498      0.799814606 
2.094697      0.797640305 
2.094896      0.799562378 
2.095096      0.797909622 
2.095295      0.795913086 
2.095495      0.795538635 
2.095694      0.791945190 
2.095893      0.792581024 
2.096093      0.790337982 
2.096292      0.786041641 
2.096492      0.786475983 
2.096691      0.782659378 
2.096890      0.780836105 
2.097090      0.779807816 
2.097289      0.776026993 
2.097489      0.773377380 
2.097688      0.773829269 
2.097887      0.769504776 
2.098087      0.768809052 
2.098286      0.766718597 
2.098486      0.763637772 
2.098685      0.764174576 
2.098884      0.764034653 
2.099084      0.760168686 
2.099283      0.762094040 
2.099483      0.760495453 
2.099682      0.758703308 
2.099881      0.759513397 
2.100081      0.757069702 
2.100280      0.757625961 
2.100480      0.756311111 
2.100679      0.754174271 
2.100878      0.753008652 
2.101078      0.753724136 
2.101277      0.749002991 
2.101477      0.748515396 
2.101676      0.743344192 
2.101875      0.737119522 
2.102075      0.732283020 
2.102274      0.722468567 
2.102474      0.712206726 
2.102673      0.700717239 
2.102872      0.684807205 
2.103072      0.669375916 
2.103271      0.651630249 
2.103471      0.626304741 
2.103670      0.603731041 
2.103869      0.576535416 
2.104069      0.546465797 
2.104268      0.517629814 
2.104468      0.484796219 
2.104667      0.452553749 
2.104866      0.420182304 
2.105066      0.388237762 
2.105265      0.355073128 
2.105465      0.324879837 
2.105664      0.295208302 
2.105863      0.268263187 
2.106063      0.242533970 
2.106262      0.218486519 
2.106462      0.197193451 
2.106661      0.178293781 
2.106860      0.159453344 
2.107060      0.142210913 
2.107259      0.127763863 
2.107459      0.113041115 
2.107658      0.103291235 
2.107857      0.091104832 
2.108057      0.082393732 
2.108256      0.074088154 
2.108456      0.066370025 
2.108655      0.061093216 
2.108854      0.054219403 
2.109054      0.050596395 
2.109253      0.045545373 
2.109453      0.040983500 
2.109652      0.036126156 
2.109851      0.033859086 
2.110051      0.031269920 
2.110250      0.027837951 
2.110450      0.025107746 
2.110649      0.023742442 
2.110848      0.021684430 
2.111048      0.019727075 
2.111247      0.017438040 
2.111447      0.016740844 
2.111646      0.015780681 
2.111845      0.014706047 
2.112045      0.013541912 
2.112244      0.012149986 
2.112444      0.011698364 
2.112643      0.010065166 
2.112842      0.008836051 
2.113042      0.008595120 
2.113241      0.008363634 
2.113441      0.007086210 
2.113640      0.008011599 
2.113839      0.006855133 
2.114039      0.006806037 
2.114238      0.005411839 
2.114438      0.006545253 
2.114637      0.005579231 
2.114836      0.005547064 
2.115036      0.003071599 
2.115235      0.005013984 
2.115435      0.004751745 
2.115634      0.004345194 
2.115833      0.003985156 
2.116033      0.002990719 
2.116232      0.002389004 
2.116432      0.003062004 
2.116631      0.001673833 
2.116830      0.003715174 
2.117030      0.002406405 
2.117229      0.003232531 
2.117429      0.002853670 
2.117628      0.001394057 
2.117827      0.001762899 
2.118027      0.002187372 
2.118226      0.001609127 
2.118426      0.002041430 
2.118625      0.001316950 
2.118824      0.002469711 
2.119024      0.000957860 
2.119223      0.001830343 
2.119423      0.000524706 
2.119622      0.001106180 
2.119821      0.000525791 
2.120021      0.000453060 
2.120220      0.001253491 
2.120420      0.001529777 
2.120619      0.001022693 
2.120818      0.000090224 
2.121018      0.000089613 
2.121217      0.001464491 
2.121417      0.001175844 
2.121616      0.000527478 
2.121815      0.000090196 
2.122015      0.001694768 
2.122214      0.000744808 
2.122414      0.000811782 
2.122613      0.001387295 
2.122812      0.000379867 
2.123012      0.001537881 
2.123211      0.001245247 
2.123411      0.000955639 
2.123610      0.000669727 
2.123809      0.000162763 
2.124009      0.000671543 
2.124208      0.000380533 
2.124408      0.000090387 
2.124607      0.000234750 
2.124806      0.000088529 
2.125006      0.000306179 
2.125205      0.000884987 
2.125405      0.001103185 
2.125604      0.001234760 
2.125803      0.000452231 
2.126003      0.000809088 
2.126202      0.000017950 
2.126402      0.001327762 
2.126601      0.000815920 
2.126800      0.001109004 
2.127000      0.000308703 
2.127199      0.000959151 
2.127399      0.000814867 
2.127598      0.000161068 
2.127797      0.000954903 
2.127997      0.000882103 
2.128196      0.001023773 
2.128396      0.000088773 
2.128595      0.000380347 
2.128794      0.000526838 
2.128994      0.000966265 
2.129193      0.000162557 
2.129393      0.000379620 
2.129592      0.000592379 
2.129791     -0.000929305 
2.129991      0.000088596 
2.130190      0.000810250 
2.130390      0.001458400 
2.130589      0.000450591 
2.130788      0.000522008 
2.130988      0.001528033 
2.131187      0.000382009 
2.131387      0.000673351 
2.131586      0.000740072 
2.131785      0.000379215 
2.131985      0.000232963 
2.132184      0.001156452 
2.132384      0.001674290 
2.132583      0.000883414 
2.132782      0.001016932 
2.132982      0.000731740 
2.133181      0.000089445 
2.133381      0.000163141 
2.133580      0.000522276 
