############################
   Wavenumber   Sampling
----------------------------
Factor to cgs units: 1
Initial value: 1818.18
Final value: 16393.4
Spacing: 1
Oversample: 1
Number of elements: 14576
############################
   Wavelength   Sampling
----------------------------
Factor to cgs units: 0
Initial value: 0
Final value: 0
Spacing: 0
Oversample: 0
Number of elements: 0
############################
   Radius       Sampling
----------------------------
Factor to cgs units: 100000
Initial value: 73599.6
Final value: 74545.4
Spacing: 0
Number of elements: 100
Values:     73599.598    73610.634    73621.654    73632.662    73643.658    73654.647    73665.628    73676.603    73687.575    73698.545    73709.513    73720.477    73731.441    73742.407    73753.374    73764.339    73775.306    73786.275    73797.246    73808.219    73819.195    73830.173    73841.151    73852.134    73863.121    73874.106      73885.1    73896.096    73907.091     73918.09    73929.093    73940.099    73951.108    73962.121    73973.136    73984.154    73995.175    74006.194    74017.208    74028.213    74039.195    74050.147    74061.054    74071.897    74082.658    74093.321    74103.871    74114.292    74124.572    74134.702    74144.674    74154.487    74164.138    74173.629    74182.961    74192.144     74201.18    74210.082    74218.858    74227.518    74236.072     74244.53    74252.902    74261.197    74269.425     74277.59    74285.707    74293.777    74301.806    74309.805    74317.773    74325.715    74333.638    74341.544    74349.434    74357.312    74365.181     74373.04    74380.891     74388.74    74396.582    74404.421    74412.256    74420.092    74427.921    74435.754    74443.585    74451.416    74459.247    74467.077    74474.908     74482.74    74490.574    74498.407    74506.243    74514.079    74521.914    74529.754    74537.595    74545.436
############################
   Impact parameter Sampling
----------------------------
Factor to cgs units: 100000
Initial value: 74545.4
Final value: 73599.6
Spacing: 0
Oversample: 0
Number of elements: 100
Values:     74545.436    74537.595    74529.754    74521.914    74514.079    74506.243    74498.407    74490.574     74482.74    74474.908    74467.077    74459.247    74451.416    74443.585    74435.754    74427.921    74420.092    74412.256    74404.421    74396.582     74388.74    74380.891     74373.04    74365.181    74357.312    74349.434    74341.544    74333.638    74325.715    74317.773    74309.805    74301.806    74293.777    74285.707     74277.59    74269.425    74261.197    74252.902     74244.53    74236.072    74227.518    74218.858    74210.082     74201.18    74192.144    74182.961    74173.629    74164.138    74154.487    74144.674    74134.702    74124.572    74114.292    74103.871    74093.321    74082.658    74071.897    74061.054    74050.147    74039.195    74028.213    74017.208    74006.194    73995.175    73984.154    73973.136    73962.121    73951.108    73940.099    73929.093     73918.09    73907.091    73896.096      73885.1    73874.106    73863.121    73852.134    73841.151    73830.173    73819.195    73808.219    73797.246    73786.275    73775.306    73764.339    73753.374    73742.407    73731.441    73720.477    73709.513    73698.545    73687.575    73676.603    73665.628    73654.647    73643.658    73632.662    73621.654    73610.634    73599.598
