############################
   Wavenumber   Sampling
----------------------------
Factor to cgs units: 1
Initial value: 1818.18
Final value: 16393.4
Spacing: 1
Oversample: 1
Number of elements: 14576
############################
   Wavelength   Sampling
----------------------------
Factor to cgs units: 0
Initial value: 0
Final value: 0
Spacing: 0
Oversample: 0
Number of elements: 0
############################
   Radius       Sampling
----------------------------
Factor to cgs units: 100000
Initial value: 73598.7
Final value: 74545.5
Spacing: 0
Number of elements: 100
Values:     73598.746    73609.781    73620.807    73631.825    73642.837    73653.845    73664.849     73675.85    73686.851    73697.852    73708.852     73719.85    73730.849    73741.852    73752.857     73763.86    73774.867    73785.875    73796.887      73807.9    73818.917    73829.937    73840.957    73851.982    73863.011    73874.039    73885.076    73896.114    73907.152    73918.194     73929.24    73940.289    73951.341    73962.396    73973.452    73984.506    73995.555     74006.59    74017.601    74028.576    74039.498    74050.353    74061.124    74071.793    74082.342     74092.76    74103.037    74113.163    74123.135    74132.948    74142.604    74152.107    74161.459    74170.668    74179.739    74188.686    74197.511    74206.231    74214.854    74223.388    74231.844    74240.231    74248.557    74256.829    74265.056     74273.24    74281.392    74289.514    74297.609    74305.687    74313.743    74321.784    74329.814    74337.833    74345.843    74353.847    74361.845    74369.837    74377.826    74385.814    74393.799    74401.781    74409.762    74417.746    74425.724    74433.707    74441.689    74449.671    74457.654    74465.638    74473.622    74481.609    74489.596    74497.584    74505.575    74513.566    74521.557    74529.553     74537.55    74545.547
############################
   Impact parameter Sampling
----------------------------
Factor to cgs units: 100000
Initial value: 74545.5
Final value: 73598.7
Spacing: 0
Oversample: 0
Number of elements: 100
Values:     74545.547     74537.55    74529.553    74521.557    74513.566    74505.575    74497.584    74489.596    74481.609    74473.622    74465.638    74457.654    74449.671    74441.689    74433.707    74425.724    74417.746    74409.762    74401.781    74393.799    74385.814    74377.826    74369.837    74361.845    74353.847    74345.843    74337.833    74329.814    74321.784    74313.743    74305.687    74297.609    74289.514    74281.392     74273.24    74265.056    74256.829    74248.557    74240.231    74231.844    74223.388    74214.854    74206.231    74197.511    74188.686    74179.739    74170.668    74161.459    74152.107    74142.604    74132.948    74123.135    74113.163    74103.037     74092.76    74082.342    74071.793    74061.124    74050.353    74039.498    74028.576    74017.601     74006.59    73995.555    73984.506    73973.452    73962.396    73951.341    73940.289     73929.24    73918.194    73907.152    73896.114    73885.076    73874.039    73863.011    73851.982    73840.957    73829.937    73818.917      73807.9    73796.887    73785.875    73774.867     73763.86    73752.857    73741.852    73730.849     73719.85    73708.852    73697.852    73686.851     73675.85    73664.849    73653.845    73642.837    73631.825    73620.807    73609.781    73598.746
